-49 0.000000 0.000000
-48 0.000000 0.105330
-47 0.000000 -0.077513
-46 0.000000 -0.165607
-45 0.000000 0.143887
-44 0.000000 0.003575
-43 0.000000 -0.140006
-42 0.000000 0.175354
-41 0.000000 -0.015966
-40 0.000000 -0.261073
-39 0.000000 0.183635
-38 0.000000 0.240378
-37 0.000000 -0.142225
-36 0.000000 -0.009745
-35 0.000000 0.118365
-34 0.000000 -0.275778
-33 0.000000 -0.312168
-32 0.000000 0.214603
-31 0.000000 0.276828
-30 0.000000 0.030631
-29 0.000000 0.094376
-28 0.000000 0.073118
-27 0.000000 -0.335869
-26 0.000000 -0.288916
-25 0.000000 0.025615
-24 0.000000 0.002954
-23 0.000000 0.053331
-22 1.000000 0.755441
-21 1.000000 0.267509
-20 1.000000 0.219199
-19 1.000000 -0.008058
-18 2.000000 0.960112
-17 2.000000 -0.771089
-16 3.000000 0.938665
-15 3.000000 -0.978170
-14 4.000000 1.957743
-13 4.000000 -2.259410
-12 5.000000 2.443959
-11 6.000000 -2.990996
-10 6.000000 3.566383
-9 7.000000 -4.657116
-8 7.000000 4.554060
-7 8.000000 -5.730694
-6 8.000000 5.981121
-5 9.000000 -6.877993
-4 9.000000 6.894877
-3 9.000000 -7.759171
-2 9.000000 8.093309
-1 10.000000 -8.651020
0 9.000000 8.301774
1 9.000000 -9.290639
2 9.000000 8.741720
3 9.000000 -9.324231
4 8.000000 8.330481
5 8.000000 -9.017222
6 7.000000 8.202570
7 7.000000 -8.139973
8 6.000000 7.521308
9 6.000000 -7.062562
10 5.000000 6.668509
11 4.000000 -5.699395
12 4.000000 5.381366
13 3.000000 -4.174611
14 3.000000 4.486217
15 2.000000 -3.603164
16 2.000000 3.096376
17 1.000000 -2.201279
18 1.000000 2.345536
19 1.000000 -1.752673
20 1.000000 1.082652
21 0.000000 -0.916648
22 0.000000 0.724049
23 0.000000 -0.273713
24 0.000000 0.316384
25 0.000000 -0.124157
26 0.000000 -0.249999
27 0.000000 0.023850
28 0.000000 0.029898
29 0.000000 -0.004707
30 0.000000 -0.106620
31 0.000000 -0.153688
32 0.000000 -0.235425
33 0.000000 0.236570
34 0.000000 0.228243
35 0.000000 0.110588
36 0.000000 -0.206394
37 0.000000 0.035586
38 0.000000 0.056050
39 0.000000 -0.226438
40 0.000000 0.284083
41 0.000000 -0.020118
42 0.000000 -0.198496
43 0.000000 0.268181
44 0.000000 -0.175915
45 0.000000 -0.377469
46 0.000000 0.259149
47 0.000000 0.329230
48 0.000000 -0.093226
49 0.000000 0.000000
