-49 0.000000 0.000000 -0.000000
-48 0.000000 0.000000 -0.000000
-47 0.000000 0.000000 -0.000000
-46 0.000000 0.000000 -0.000000
-45 0.000000 0.000000 -0.000000
-44 0.000000 0.000000 -0.000000
-43 0.000000 0.000000 -0.000000
-42 0.000000 0.000000 -0.000000
-41 0.000000 0.000000 -0.000000
-40 0.000000 0.000000 -0.000000
-39 0.000000 0.000000 -0.000000
-38 0.000000 0.000000 -0.000000
-37 0.000000 0.000000 -0.000000
-36 0.000000 0.000000 -0.000000
-35 0.000000 0.000000 -0.000000
-34 0.000000 0.000000 -0.000000
-33 0.000000 0.000000 -0.000000
-32 0.000000 0.000000 -0.000000
-31 0.000000 0.000000 -0.000000
-30 0.000000 0.000000 -0.000000
-29 0.000000 0.000000 -0.000000
-28 0.000000 0.000000 -0.000000
-27 0.000000 0.000000 -0.000000
-26 0.000000 0.000000 -0.000000
-25 0.000000 0.000000 -0.000000
-24 0.000000 0.000000 -0.000000
-23 0.000000 0.000000 -0.000500
-22 1.000000 0.700000 -0.000500
-21 1.000000 0.700000 -0.000000
-20 1.000000 1.300000 -0.000000
-19 1.000000 1.000000 -0.000500
-18 2.000000 1.700000 -0.000500
-17 2.000000 1.700000 -0.000500
-16 3.000000 2.700000 -0.000500
-15 3.000000 2.700000 -0.000500
-14 4.000000 3.700000 -0.000500
-13 4.000000 3.700000 -0.000500
-12 5.000000 4.400000 -0.001000
-11 6.000000 5.700000 -0.000500
-10 6.000000 5.700000 -0.000500
-9 7.000000 6.700000 -0.000500
-8 7.000000 6.700000 -0.000500
-7 8.000000 7.700000 -0.000500
-6 8.000000 7.700000 -0.000500
-5 9.000000 8.400000 -0.000500
-4 9.000000 8.700000 -0.000000
-3 9.000000 9.300000 -0.000000
-2 9.000000 8.700000 -0.000500
-1 10.000000 9.700000 -0.000000
0 9.000000 9.300000 0.000500
1 9.000000 9.000000 -0.000000
2 9.000000 9.000000 -0.000000
3 9.000000 9.300000 0.000500
4 8.000000 8.300000 0.000500
5 8.000000 8.300000 0.000500
6 7.000000 7.300000 0.000500
7 7.000000 7.300000 0.000500
8 6.000000 6.300000 0.000500
9 6.000000 6.300000 0.000500
10 5.000000 5.600000 0.001000
11 4.000000 4.300000 0.000500
12 4.000000 4.300000 0.000500
13 3.000000 3.300000 0.000500
14 3.000000 3.300000 0.000500
15 2.000000 2.300000 0.000500
16 2.000000 2.300000 0.000500
17 1.000000 1.300000 0.000500
18 1.000000 1.000000 -0.000000
19 1.000000 1.000000 -0.000000
20 1.000000 1.300000 0.000500
21 0.000000 0.300000 0.000500
22 0.000000 0.000000 -0.000000
23 0.000000 0.000000 -0.000000
24 0.000000 0.000000 -0.000000
25 0.000000 0.000000 -0.000000
26 0.000000 0.000000 -0.000000
27 0.000000 0.000000 -0.000000
28 0.000000 0.000000 -0.000000
29 0.000000 0.000000 -0.000000
30 0.000000 0.000000 -0.000000
31 0.000000 0.000000 -0.000000
32 0.000000 0.000000 -0.000000
33 0.000000 0.000000 -0.000000
34 0.000000 0.000000 -0.000000
35 0.000000 0.000000 -0.000000
36 0.000000 0.000000 -0.000000
37 0.000000 0.000000 -0.000000
38 0.000000 0.000000 -0.000000
39 0.000000 0.000000 -0.000000
40 0.000000 0.000000 -0.000000
41 0.000000 0.000000 -0.000000
42 0.000000 0.000000 -0.000000
43 0.000000 0.000000 -0.000000
44 0.000000 0.000000 -0.000000
45 0.000000 0.000000 -0.000000
46 0.000000 0.000000 -0.000000
47 0.000000 0.000000 -0.000000
48 0.000000 0.000000 -0.000000
49 0.000000 0.000000 -0.000000
