-49 0.000000 1.675264 -0.000000
-48 0.000000 4.176266 -0.000000
-47 0.000000 2.057242 -0.000000
-46 0.000000 3.455975 -0.000000
-45 0.000000 0.823845 -0.000000
-44 0.000000 -0.252302 -0.000000
-43 0.000000 -1.593672 -0.000000
-42 0.000000 -5.346814 -0.000000
-41 0.000000 -5.505219 -0.000000
-40 0.000000 -9.702649 -0.000000
-39 0.000000 -8.728220 -0.000000
-38 0.000000 -11.408456 -0.000000
-37 0.000000 -9.493680 -0.000000
-36 0.000000 -10.260997 -0.000000
-35 0.000000 -7.527742 -0.000000
-34 0.000000 -6.833240 -0.000000
-33 0.000000 -0.888269 -0.000000
-32 0.000000 2.127050 -0.000000
-31 0.000000 8.952148 -0.000000
-30 0.000000 14.569009 -0.000000
-29 0.000000 24.136347 -0.000000
-28 0.000000 32.688454 -0.000000
-27 0.000000 45.274426 -0.000000
-26 0.000000 58.186378 -0.000000
-25 0.000000 74.227242 -0.000000
-24 0.000000 91.849228 -0.000000
-23 0.000000 110.536690 -0.000500
-22 1.000000 129.294403 -0.000500
-21 1.000000 147.196579 -0.000000
-20 1.000000 165.242874 -0.000000
-19 1.000000 181.588730 -0.000500
-18 2.000000 199.312134 -0.000500
-17 2.000000 211.573212 -0.000500
-16 3.000000 229.930252 -0.000500
-15 3.000000 233.260361 -0.000500
-14 4.000000 251.443497 -0.000500
-13 4.000000 245.589478 -0.000500
-12 5.000000 263.892212 -0.001000
-11 6.000000 247.206497 -0.000500
-10 6.000000 267.322235 -0.000500
-9 7.000000 238.477753 -0.000500
-8 7.000000 264.184998 -0.000500
-7 8.000000 219.001129 -0.000500
-6 8.000000 254.291779 -0.000500
-5 9.000000 190.330383 -0.000500
-4 9.000000 238.596008 -0.000000
-3 9.000000 151.655914 -0.000000
-2 9.000000 219.086792 -0.000500
-1 10.000000 108.960228 -0.000000
0 9.000000 201.240692 0.000500
1 9.000000 67.028084 -0.000000
2 9.000000 184.232635 -0.000000
3 9.000000 25.202780 0.000500
4 8.000000 169.869110 0.000500
5 8.000000 -12.530081 0.000500
6 7.000000 157.354416 0.000500
7 7.000000 -42.978252 0.000500
8 6.000000 145.514145 0.000500
9 6.000000 -66.237152 0.000500
10 5.000000 134.991974 0.001000
11 4.000000 -80.085388 0.000500
12 4.000000 125.083366 0.000500
13 3.000000 -86.094467 0.000500
14 3.000000 113.665688 0.000500
15 2.000000 -85.681602 0.000500
16 2.000000 100.601418 0.000500
17 1.000000 -81.381630 0.000500
18 1.000000 84.500443 -0.000000
19 1.000000 -71.347023 -0.000000
20 1.000000 69.161346 0.000500
21 0.000000 -57.924572 0.000500
22 0.000000 52.822800 -0.000000
23 0.000000 -42.747261 -0.000000
24 0.000000 37.074600 -0.000000
25 0.000000 -27.542767 -0.000000
26 0.000000 22.804056 -0.000000
27 0.000000 -17.018423 -0.000000
28 0.000000 11.967796 -0.000000
29 0.000000 -9.434723 -0.000000
30 0.000000 5.595112 -0.000000
31 0.000000 -3.363466 -0.000000
32 0.000000 0.553184 -0.000000
33 0.000000 0.880699 -0.000000
34 0.000000 -3.120761 -0.000000
35 0.000000 4.308511 -0.000000
36 0.000000 -4.200146 -0.000000
37 0.000000 4.061152 -0.000000
38 0.000000 -5.129948 -0.000000
39 0.000000 3.079293 -0.000000
40 0.000000 -4.544834 -0.000000
41 0.000000 1.951684 -0.000000
42 0.000000 -2.404633 -0.000000
43 0.000000 0.302832 -0.000000
44 0.000000 0.011261 -0.000000
45 0.000000 -0.253050 -0.000000
46 0.000000 2.127564 -0.000000
47 0.000000 -0.713554 -0.000000
48 0.000000 2.405882 -0.000000
49 0.000000 0.000000 -0.000000
