-49 0.000000 3.642389 -0.000000
-48 0.000000 3.778957 -0.000000
-47 0.000000 -5.874326 -0.000000
-46 0.000000 -8.647554 -0.000000
-45 0.000000 -14.225958 -0.000000
-44 0.000000 -17.785702 -0.000000
-43 0.000000 -18.260677 -0.000000
-42 0.000000 -23.241184 -0.000000
-41 0.000000 -20.936964 -0.000000
-40 0.000000 -27.932480 -0.000000
-39 0.000000 -23.961740 -0.000000
-38 0.000000 -30.333015 -0.000000
-37 0.000000 -21.921982 -0.000000
-36 0.000000 -21.720972 -0.000000
-35 0.000000 -7.774811 -0.000000
-34 0.000000 1.557225 -0.000000
-33 0.000000 19.776062 -0.000000
-32 0.000000 36.775703 -0.000000
-31 0.000000 63.192398 -0.000000
-30 0.000000 89.914207 -0.000000
-29 0.000000 125.293198 -0.000000
-28 0.000000 160.521362 -0.000000
-27 0.000000 203.718292 -0.000000
-26 0.000000 244.987885 -0.000000
-25 0.000000 292.416138 -0.000000
-24 0.000000 334.365143 -0.000000
-23 0.000000 380.473511 -0.000500
-22 1.000000 419.682983 -0.000500
-21 1.000000 459.052490 -0.000000
-20 1.000000 496.159027 -0.000000
-19 1.000000 525.586121 -0.000500
-18 2.000000 560.431885 -0.000500
-17 2.000000 575.693237 -0.000500
-16 3.000000 604.022888 -0.000500
-15 3.000000 607.244019 -0.000500
-14 4.000000 625.305725 -0.000500
-13 4.000000 613.771851 -0.000500
-12 5.000000 623.229248 -0.001000
-11 6.000000 591.041931 -0.000500
-10 6.000000 599.907410 -0.000500
-9 7.000000 544.028320 -0.000500
-8 7.000000 560.617249 -0.000500
-7 8.000000 479.423676 -0.000500
-6 8.000000 511.843262 -0.000500
-5 9.000000 400.564880 -0.000500
-4 9.000000 459.235687 -0.000000
-3 9.000000 310.090302 -0.000000
-2 9.000000 408.683258 -0.000500
-1 10.000000 211.114883 -0.000000
0 9.000000 365.319397 0.000500
1 9.000000 112.700523 -0.000000
2 9.000000 333.735260 -0.000000
3 9.000000 22.428627 0.000500
4 8.000000 312.258179 0.000500
5 8.000000 -54.065880 0.000500
6 7.000000 300.140472 0.000500
7 7.000000 -118.443108 0.000500
8 6.000000 293.543549 0.000500
9 6.000000 -172.010559 0.000500
10 5.000000 290.190704 0.001000
11 4.000000 -211.189896 0.000500
12 4.000000 285.071991 0.000500
13 3.000000 -232.452057 0.000500
14 3.000000 276.021881 0.000500
15 2.000000 -235.796921 0.000500
16 2.000000 259.923126 0.000500
17 1.000000 -227.008881 0.000500
18 1.000000 236.392151 -0.000000
19 1.000000 -210.000198 -0.000000
20 1.000000 205.562576 0.000500
21 0.000000 -184.408249 0.000500
22 0.000000 171.934662 -0.000000
23 0.000000 -153.158051 -0.000000
24 0.000000 136.245850 -0.000000
25 0.000000 -116.331879 -0.000000
26 0.000000 98.482918 -0.000000
27 0.000000 -79.338432 -0.000000
28 0.000000 63.395168 -0.000000
29 0.000000 -47.399864 -0.000000
30 0.000000 34.271210 -0.000000
31 0.000000 -23.153999 -0.000000
32 0.000000 12.861118 -0.000000
33 0.000000 -5.854722 -0.000000
34 0.000000 -0.779016 -0.000000
35 0.000000 4.361797 -0.000000
36 0.000000 -12.083595 -0.000000
37 0.000000 8.879360 -0.000000
38 0.000000 -15.102969 -0.000000
39 0.000000 9.443697 -0.000000
40 0.000000 -11.854721 -0.000000
41 0.000000 8.045765 -0.000000
42 0.000000 -8.875978 -0.000000
43 0.000000 8.299329 -0.000000
44 0.000000 -4.456045 -0.000000
45 0.000000 8.270949 -0.000000
46 0.000000 0.677442 -0.000000
47 0.000000 5.251916 -0.000000
48 0.000000 6.196754 -0.000000
49 0.000000 0.000000 -0.000000
