-49 0.000000 0.055340 -0.000000
-48 0.000000 0.156989 -0.000000
-47 0.000000 -0.177686 -0.000000
-46 0.000000 0.076075 -0.000000
-45 0.000000 0.130172 -0.000000
-44 0.000000 -0.285349 -0.000000
-43 0.000000 -0.304669 -0.000000
-42 0.000000 -0.022959 -0.000000
-41 0.000000 0.181939 -0.000000
-40 0.000000 0.119657 -0.000000
-39 0.000000 0.421195 -0.000000
-38 0.000000 0.302538 -0.000000
-37 0.000000 -0.304946 -0.000000
-36 0.000000 -0.142361 -0.000000
-35 0.000000 -0.058578 -0.000000
-34 0.000000 -0.254312 -0.000000
-33 0.000000 -0.496281 -0.000000
-32 0.000000 0.055688 -0.000000
-31 0.000000 0.230826 -0.000000
-30 0.000000 -0.209100 -0.000000
-29 0.000000 0.295598 -0.000000
-28 0.000000 -0.103574 -0.000000
-27 0.000000 -0.278379 -0.000000
-26 0.000000 -0.304515 -0.000000
-25 0.000000 0.219509 -0.000000
-24 0.000000 0.627730 -0.000000
-23 0.000000 1.147425 -0.000500
-22 1.000000 2.364832 -0.000500
-21 1.000000 2.605136 -0.000000
-20 1.000000 3.130547 -0.000000
-19 1.000000 3.916170 -0.000500
-18 2.000000 5.811342 -0.000500
-17 2.000000 5.166277 -0.000500
-16 3.000000 8.108147 -0.000500
-15 3.000000 7.104149 -0.000500
-14 4.000000 11.419039 -0.000500
-13 4.000000 8.145805 -0.000500
-12 5.000000 14.270558 -0.001000
-11 6.000000 10.033251 -0.000500
-10 6.000000 17.784861 -0.000500
-9 7.000000 10.781305 -0.000500
-8 7.000000 20.731222 -0.000500
-7 8.000000 11.368557 -0.000500
-6 8.000000 23.453070 -0.000500
-5 9.000000 11.161565 -0.000500
-4 9.000000 25.095968 -0.000000
-3 9.000000 10.669619 -0.000000
-2 9.000000 26.403687 -0.000500
-1 10.000000 9.469927 -0.000000
0 9.000000 25.884668 0.000500
1 9.000000 7.664655 -0.000000
2 9.000000 24.777607 -0.000000
3 9.000000 5.781861 0.000500
4 8.000000 22.316383 0.000500
5 8.000000 3.911003 0.000500
6 7.000000 19.955481 0.000500
7 7.000000 2.517240 0.000500
8 6.000000 17.005089 0.000500
9 6.000000 1.316074 0.000500
10 5.000000 13.913666 0.001000
11 4.000000 0.478498 0.000500
12 4.000000 10.535353 0.000500
13 3.000000 0.033818 0.000500
14 3.000000 7.858486 0.000500
15 2.000000 -0.978871 0.000500
16 2.000000 5.112928 0.000500
17 1.000000 -0.708738 0.000500
18 1.000000 3.445720 -0.000000
19 1.000000 -0.978368 -0.000000
20 1.000000 1.630951 0.000500
21 0.000000 -0.549413 0.000500
22 0.000000 0.974345 -0.000000
23 0.000000 -0.113965 -0.000000
24 0.000000 0.421402 -0.000000
25 0.000000 -0.060189 -0.000000
26 0.000000 -0.209353 -0.000000
27 0.000000 0.047514 -0.000000
28 0.000000 0.044459 -0.000000
29 0.000000 0.003410 -0.000000
30 0.000000 -0.101775 -0.000000
31 0.000000 -0.151100 -0.000000
32 0.000000 -0.233923 -0.000000
33 0.000000 0.237341 -0.000000
34 0.000000 0.228678 -0.000000
35 0.000000 0.110805 -0.000000
36 0.000000 -0.206276 -0.000000
37 0.000000 0.035642 -0.000000
38 0.000000 0.056080 -0.000000
39 0.000000 -0.226425 -0.000000
40 0.000000 0.284090 -0.000000
41 0.000000 -0.020114 -0.000000
42 0.000000 -0.198495 -0.000000
43 0.000000 0.268182 -0.000000
44 0.000000 -0.175915 -0.000000
45 0.000000 -0.377468 -0.000000
46 0.000000 0.259149 -0.000000
47 0.000000 0.329230 -0.000000
48 0.000000 -0.093226 -0.000000
49 0.000000 0.000000 -0.000000
