-49 0.000000 -12.338140 -0.000000
-48 0.000000 -29.119366 -0.000000
-47 0.000000 -33.611725 -0.000000
-46 0.000000 -46.378292 -0.000000
-45 0.000000 -53.165295 -0.000000
-44 0.000000 -64.167397 -0.000000
-43 0.000000 -68.492088 -0.000000
-42 0.000000 -78.767815 -0.000000
-41 0.000000 -78.321472 -0.000000
-40 0.000000 -80.823830 -0.000000
-39 0.000000 -72.968613 -0.000000
-38 0.000000 -60.182732 -0.000000
-37 0.000000 -32.091118 -0.000000
-36 0.000000 -1.225603 -0.000000
-35 0.000000 57.338036 -0.000000
-34 0.000000 103.669022 -0.000000
-33 0.000000 190.320374 -0.000000
-32 0.000000 254.205521 -0.000000
-31 0.000000 356.775787 -0.000000
-30 0.000000 438.928833 -0.000000
-29 0.000000 546.558289 -0.000000
-28 0.000000 644.005127 -0.000000
-27 0.000000 752.263306 -0.000000
-26 0.000000 856.951294 -0.000000
-25 0.000000 960.287170 -0.000000
-24 0.000000 1060.558716 -0.000000
-23 0.000000 1152.595703 -0.000500
-22 1.000000 1238.103394 -0.000500
-21 1.000000 1311.378174 -0.000000
-20 1.000000 1375.127930 -0.000000
-19 1.000000 1418.641113 -0.000500
-18 2.000000 1457.683228 -0.000500
-17 2.000000 1473.866333 -0.000500
-16 3.000000 1487.606323 -0.000500
-15 3.000000 1478.985229 -0.000500
-14 4.000000 1461.437378 -0.000500
-13 4.000000 1429.742676 -0.000500
-12 5.000000 1384.586792 -0.001000
-11 6.000000 1324.184082 -0.000500
-10 6.000000 1271.290771 -0.000500
-9 7.000000 1172.101562 -0.000500
-8 7.000000 1134.269409 -0.000500
-7 8.000000 989.608215 -0.000500
-6 8.000000 990.461853 -0.000500
-5 9.000000 792.442993 -0.000500
-4 9.000000 855.707397 -0.000000
-3 9.000000 591.885315 -0.000000
-2 9.000000 739.123779 -0.000500
-1 10.000000 391.382263 -0.000000
0 9.000000 649.471924 0.000500
1 9.000000 195.544052 -0.000000
2 9.000000 590.293396 -0.000000
3 9.000000 16.507233 0.000500
4 8.000000 563.303589 0.000500
5 8.000000 -142.703781 0.000500
6 7.000000 560.777222 0.000500
7 7.000000 -282.445831 0.000500
8 6.000000 575.000366 0.000500
9 6.000000 -400.160492 0.000500
10 5.000000 598.016235 0.001000
11 4.000000 -493.279694 0.000500
12 4.000000 621.207397 0.000500
13 3.000000 -557.559631 0.000500
14 3.000000 636.199585 0.000500
15 2.000000 -590.362488 0.000500
16 2.000000 633.654297 0.000500
17 1.000000 -596.211853 0.000500
18 1.000000 611.219238 -0.000000
19 1.000000 -577.082520 -0.000000
20 1.000000 572.964355 0.000500
21 0.000000 -533.384460 0.000500
22 0.000000 512.026428 -0.000000
23 0.000000 -467.501526 -0.000000
24 0.000000 435.012207 -0.000000
25 0.000000 -387.456360 -0.000000
26 0.000000 349.069702 -0.000000
27 0.000000 -299.816650 -0.000000
28 0.000000 259.383606 -0.000000
29 0.000000 -214.884674 -0.000000
30 0.000000 171.859222 -0.000000
31 0.000000 -140.225296 -0.000000
32 0.000000 91.133759 -0.000000
33 0.000000 -75.764519 -0.000000
34 0.000000 28.792536 -0.000000
35 0.000000 -21.259275 -0.000000
36 0.000000 -8.525079 -0.000000
37 0.000000 18.333878 -0.000000
38 0.000000 -24.111071 -0.000000
39 0.000000 37.127235 -0.000000
40 0.000000 -26.362358 -0.000000
41 0.000000 39.174305 -0.000000
42 0.000000 -23.749092 -0.000000
43 0.000000 34.477612 -0.000000
44 0.000000 -17.821796 -0.000000
45 0.000000 25.747318 -0.000000
46 0.000000 -14.195879 -0.000000
47 0.000000 14.019319 -0.000000
48 0.000000 -13.169806 -0.000000
49 0.000000 0.000000 -0.000000
