-49 0.000000 0.450870 -0.000000
-48 0.000000 -0.142153 -0.000000
-47 0.000000 0.571113 -0.000000
-46 0.000000 0.096083 -0.000000
-45 0.000000 -0.132559 -0.000000
-44 0.000000 -0.388190 -0.000000
-43 0.000000 -0.229052 -0.000000
-42 0.000000 0.838230 -0.000000
-41 0.000000 -0.252626 -0.000000
-40 0.000000 0.110232 -0.000000
-39 0.000000 -0.020307 -0.000000
-38 0.000000 -0.028340 -0.000000
-37 0.000000 0.664437 -0.000000
-36 0.000000 -0.195345 -0.000000
-35 0.000000 -0.642408 -0.000000
-34 0.000000 -1.286153 -0.000000
-33 0.000000 -1.083423 -0.000000
-32 0.000000 -0.815978 -0.000000
-31 0.000000 -0.953572 -0.000000
-30 0.000000 -1.273673 -0.000000
-29 0.000000 -0.215272 -0.000000
-28 0.000000 0.051751 -0.000000
-27 0.000000 1.530731 -0.000000
-26 0.000000 1.842630 -0.000000
-25 0.000000 3.490191 -0.000000
-24 0.000000 4.868923 -0.000000
-23 0.000000 6.251262 -0.000500
-22 1.000000 9.068379 -0.000500
-21 1.000000 10.734672 -0.000000
-20 1.000000 13.715693 -0.000000
-19 1.000000 15.773674 -0.000500
-18 2.000000 19.544413 -0.000500
-17 2.000000 20.963444 -0.000500
-16 3.000000 26.193256 -0.000500
-15 3.000000 25.752541 -0.000500
-14 4.000000 32.299065 -0.000500
-13 4.000000 30.922649 -0.000500
-12 5.000000 39.763115 -0.001000
-11 6.000000 34.514568 -0.000500
-10 6.000000 45.858818 -0.000500
-9 7.000000 36.779793 -0.000500
-8 7.000000 50.863087 -0.000500
-7 8.000000 37.067867 -0.000500
-6 8.000000 53.870045 -0.000500
-5 9.000000 34.336296 -0.000500
-4 9.000000 55.210430 -0.000000
-3 9.000000 30.645552 -0.000000
-2 9.000000 54.355598 -0.000500
-1 10.000000 26.234087 -0.000000
0 9.000000 52.825314 0.000500
1 9.000000 19.789248 -0.000000
2 9.000000 49.146896 -0.000000
3 9.000000 14.352560 0.000500
4 8.000000 45.014484 0.000500
5 8.000000 8.270754 0.000500
6 7.000000 39.601517 0.000500
7 7.000000 2.550732 0.000500
8 6.000000 34.114479 0.000500
9 6.000000 -1.698513 0.000500
10 5.000000 27.826958 0.001000
11 4.000000 -4.551094 0.000500
12 4.000000 22.167715 0.000500
13 3.000000 -6.076498 0.000500
14 3.000000 16.791641 0.000500
15 2.000000 -6.164653 0.000500
16 2.000000 12.720383 0.000500
17 1.000000 -6.099555 0.000500
18 1.000000 8.901423 -0.000000
19 1.000000 -4.967633 -0.000000
20 1.000000 6.042839 0.000500
21 0.000000 -3.432261 0.000500
22 0.000000 3.877551 -0.000000
23 0.000000 -1.969935 -0.000000
24 0.000000 2.112136 -0.000000
25 0.000000 -1.265502 -0.000000
26 0.000000 0.740738 -0.000000
27 0.000000 -0.453504 -0.000000
28 0.000000 -0.227889 -0.000000
29 0.000000 0.144126 -0.000000
30 0.000000 -0.468155 -0.000000
31 0.000000 0.456739 -0.000000
32 0.000000 -0.210397 -0.000000
33 0.000000 0.669582 -0.000000
34 0.000000 -0.513260 -0.000000
35 0.000000 0.134107 -0.000000
36 0.000000 -0.210786 -0.000000
37 0.000000 -0.584760 -0.000000
38 0.000000 -0.200524 -0.000000
39 0.000000 0.170423 -0.000000
40 0.000000 0.490442 -0.000000
41 0.000000 0.424520 -0.000000
42 0.000000 0.410737 -0.000000
43 0.000000 -0.047002 -0.000000
44 0.000000 -0.479741 -0.000000
45 0.000000 -0.164977 -0.000000
46 0.000000 -0.059427 -0.000000
47 0.000000 -0.357382 -0.000000
48 0.000000 0.132415 -0.000000
49 0.000000 0.000000 -0.000000
