-49 0.000000 -438.628632 -0.000000
-48 0.000000 -720.997253 -0.000000
-47 0.000000 -603.480835 -0.000000
-46 0.000000 -771.042480 -0.000000
-45 0.000000 -656.395142 -0.000000
-44 0.000000 -660.735718 -0.000000
-43 0.000000 -504.728943 -0.000000
-42 0.000000 -335.185181 -0.000000
-41 0.000000 -83.851913 -0.000000
-40 0.000000 217.377594 -0.000000
-39 0.000000 602.510376 -0.000000
-38 0.000000 996.738159 -0.000000
-37 0.000000 1513.927368 -0.000000
-36 0.000000 1993.943848 -0.000000
-35 0.000000 2589.188965 -0.000000
-34 0.000000 3154.582031 -0.000000
-33 0.000000 3759.628906 -0.000000
-32 0.000000 4389.612793 -0.000000
-31 0.000000 4964.904785 -0.000000
-30 0.000000 5596.032227 -0.000000
-29 0.000000 6133.040527 -0.000000
-28 0.000000 6682.664062 -0.000000
-27 0.000000 7166.381348 -0.000000
-26 0.000000 7565.357422 -0.000000
-25 0.000000 7958.034180 -0.000000
-24 0.000000 8170.656738 -0.000000
-23 0.000000 8439.882812 -0.000500
-22 1.000000 8460.199219 -0.000500
-21 1.000000 8602.969727 -0.000000
-20 1.000000 8436.164062 -0.000000
-19 1.000000 8462.910156 -0.000500
-18 2.000000 8116.305664 -0.000500
-17 2.000000 8044.405273 -0.000500
-16 3.000000 7535.423340 -0.000500
-15 3.000000 7389.936523 -0.000500
-14 4.000000 6763.054199 -0.000500
-13 4.000000 6564.827637 -0.000500
-12 5.000000 5894.485840 -0.001000
-11 6.000000 5644.187500 -0.000500
-10 6.000000 5008.778809 -0.000500
-9 7.000000 4689.479980 -0.000500
-8 7.000000 4169.618164 -0.000500
-7 8.000000 3742.085693 -0.000500
-6 8.000000 3421.843018 -0.000500
-5 9.000000 2830.312988 -0.000500
-4 9.000000 2798.687988 -0.000000
-3 9.000000 1988.882446 -0.000000
-2 9.000000 2325.514404 -0.000500
-1 10.000000 1245.287598 -0.000000
0 9.000000 2005.619873 0.000500
1 9.000000 580.401855 -0.000000
2 9.000000 1822.938965 -0.000000
3 9.000000 -43.086769 0.000500
4 8.000000 1770.361450 0.000500
5 8.000000 -643.883057 0.000500
6 7.000000 1838.783325 0.000500
7 7.000000 -1211.623535 0.000500
8 6.000000 2014.430420 0.000500
9 6.000000 -1735.451294 0.000500
10 5.000000 2279.832275 0.001000
11 4.000000 -2213.906006 0.000500
12 4.000000 2601.381592 0.000500
13 3.000000 -2645.195801 0.000500
14 3.000000 2933.747070 0.000500
15 2.000000 -3017.355469 0.000500
16 2.000000 3230.008789 0.000500
17 1.000000 -3306.140625 0.000500
18 1.000000 3438.772461 -0.000000
19 1.000000 -3492.031006 -0.000000
20 1.000000 3529.064941 0.000500
21 0.000000 -3562.960693 0.000500
22 0.000000 3496.105225 -0.000000
23 0.000000 -3506.022705 -0.000000
24 0.000000 3345.678467 -0.000000
25 0.000000 -3303.916748 -0.000000
26 0.000000 3082.676514 -0.000000
27 0.000000 -2951.546143 -0.000000
28 0.000000 2720.537842 -0.000000
29 0.000000 -2490.260010 -0.000000
30 0.000000 2281.296631 -0.000000
31 0.000000 -1984.049438 -0.000000
32 0.000000 1792.796753 -0.000000
33 0.000000 -1480.945312 -0.000000
34 0.000000 1289.771362 -0.000000
35 0.000000 -997.609192 -0.000000
36 0.000000 816.925415 -0.000000
37 0.000000 -546.831055 -0.000000
38 0.000000 412.896362 -0.000000
39 0.000000 -163.632111 -0.000000
40 0.000000 96.245415 -0.000000
41 0.000000 109.194061 -0.000000
42 0.000000 -144.094635 -0.000000
43 0.000000 241.546417 -0.000000
44 0.000000 -314.852905 -0.000000
45 0.000000 235.775894 -0.000000
46 0.000000 -413.243042 -0.000000
47 0.000000 137.513718 -0.000000
48 0.000000 -452.941650 -0.000000
49 0.000000 0.000000 -0.000000
