-49 0.000000 -71.635185 -0.000000
-48 0.000000 -155.772751 -0.000000
-47 0.000000 -158.858063 -0.000000
-46 0.000000 -217.384720 -0.000000
-45 0.000000 -230.142090 -0.000000
-44 0.000000 -254.211136 -0.000000
-43 0.000000 -252.042465 -0.000000
-42 0.000000 -239.402527 -0.000000
-41 0.000000 -196.768204 -0.000000
-40 0.000000 -143.347488 -0.000000
-39 0.000000 -53.853333 -0.000000
-38 0.000000 48.004684 -0.000000
-37 0.000000 182.757919 -0.000000
-36 0.000000 334.682312 -0.000000
-35 0.000000 523.541443 -0.000000
-34 0.000000 714.825806 -0.000000
-33 0.000000 959.418579 -0.000000
-32 0.000000 1171.998901 -0.000000
-31 0.000000 1453.587524 -0.000000
-30 0.000000 1677.276978 -0.000000
-29 0.000000 1959.889648 -0.000000
-28 0.000000 2186.588379 -0.000000
-27 0.000000 2440.787109 -0.000000
-26 0.000000 2661.595703 -0.000000
-25 0.000000 2866.779785 -0.000000
-24 0.000000 3068.330811 -0.000000
-23 0.000000 3216.323242 -0.000500
-22 1.000000 3368.757324 -0.000500
-21 1.000000 3464.331543 -0.000000
-20 1.000000 3530.249023 -0.000000
-19 1.000000 3581.822998 -0.000500
-18 2.000000 3546.367432 -0.000500
-17 2.000000 3558.247803 -0.000500
-16 3.000000 3434.330322 -0.000500
-15 3.000000 3401.795898 -0.000500
-14 4.000000 3218.577637 -0.000500
-13 4.000000 3134.318359 -0.000500
-12 5.000000 2919.303223 -0.001000
-11 6.000000 2786.003906 -0.000500
-10 6.000000 2569.520264 -0.000500
-9 7.000000 2385.325928 -0.000500
-8 7.000000 2206.084229 -0.000500
-7 8.000000 1959.648682 -0.000500
-6 8.000000 1861.196655 -0.000500
-5 9.000000 1523.476562 -0.000500
-4 9.000000 1558.769775 -0.000000
-3 9.000000 1096.157471 -0.000000
-2 9.000000 1315.272827 -0.000500
-1 10.000000 699.452393 -0.000000
0 9.000000 1141.136841 0.000500
1 9.000000 336.276733 -0.000000
2 9.000000 1040.933960 -0.000000
3 9.000000 -2.885076 0.000500
4 8.000000 1004.143555 0.000500
5 8.000000 -319.077759 0.000500
6 7.000000 1023.968323 0.000500
7 7.000000 -601.566345 0.000500
8 6.000000 1092.220947 0.000500
9 6.000000 -849.397888 0.000500
10 5.000000 1189.650635 0.001000
11 4.000000 -1068.295654 0.000500
12 4.000000 1293.141113 0.000500
13 3.000000 -1250.454102 0.000500
14 3.000000 1386.100952 0.000500
15 2.000000 -1385.775146 0.000500
16 2.000000 1457.749390 0.000500
17 1.000000 -1459.234741 0.000500
18 1.000000 1497.447266 -0.000000
19 1.000000 -1466.606323 -0.000000
20 1.000000 1484.377197 0.000500
21 0.000000 -1414.406860 0.000500
22 0.000000 1404.631470 -0.000000
23 0.000000 -1312.539307 -0.000000
24 0.000000 1262.684570 -0.000000
25 0.000000 -1173.225708 -0.000000
26 0.000000 1077.949341 -0.000000
27 0.000000 -999.663391 -0.000000
28 0.000000 871.477905 -0.000000
29 0.000000 -798.744995 -0.000000
30 0.000000 659.781982 -0.000000
31 0.000000 -586.148071 -0.000000
32 0.000000 456.632812 -0.000000
33 0.000000 -375.544067 -0.000000
34 0.000000 280.282898 -0.000000
35 0.000000 -187.977264 -0.000000
36 0.000000 136.766296 -0.000000
37 0.000000 -43.790810 -0.000000
38 0.000000 27.377775 -0.000000
39 0.000000 50.301659 -0.000000
40 0.000000 -48.877632 -0.000000
41 0.000000 101.618637 -0.000000
42 0.000000 -90.272087 -0.000000
43 0.000000 114.083267 -0.000000
44 0.000000 -100.574585 -0.000000
45 0.000000 94.725410 -0.000000
46 0.000000 -94.509834 -0.000000
47 0.000000 54.466076 -0.000000
48 0.000000 -84.782738 -0.000000
49 0.000000 0.000000 -0.000000
