-49 0.000000 -0.066426 -0.000000
-48 0.000000 0.606923 -0.000000
-47 0.000000 0.951730 -0.000000
-46 0.000000 0.755782 -0.000000
-45 0.000000 0.921079 -0.000000
-44 0.000000 1.072080 -0.000000
-43 0.000000 0.417286 -0.000000
-42 0.000000 0.674264 -0.000000
-41 0.000000 -0.692256 -0.000000
-40 0.000000 -1.063915 -0.000000
-39 0.000000 -1.242732 -0.000000
-38 0.000000 -1.646576 -0.000000
-37 0.000000 -1.827868 -0.000000
-36 0.000000 -3.739511 -0.000000
-35 0.000000 -2.636057 -0.000000
-34 0.000000 -4.396012 -0.000000
-33 0.000000 -3.182243 -0.000000
-32 0.000000 -2.740613 -0.000000
-31 0.000000 -1.350331 -0.000000
-30 0.000000 0.087351 -0.000000
-29 0.000000 3.548687 -0.000000
-28 0.000000 5.787165 -0.000000
-27 0.000000 10.091623 -0.000000
-26 0.000000 13.400616 -0.000000
-25 0.000000 17.692726 -0.000000
-24 0.000000 22.581829 -0.000000
-23 0.000000 28.228001 -0.000500
-22 1.000000 34.706219 -0.000500
-21 1.000000 40.656990 -0.000000
-20 1.000000 48.930965 -0.000000
-19 1.000000 55.429707 -0.000500
-18 2.000000 64.952995 -0.000500
-17 2.000000 69.937202 -0.000500
-16 3.000000 79.777573 -0.000500
-15 3.000000 83.086700 -0.000500
-14 4.000000 95.096855 -0.000500
-13 4.000000 92.445503 -0.000500
-12 5.000000 106.182350 -0.001000
-11 6.000000 96.789505 -0.000500
-10 6.000000 113.443344 -0.000500
-9 7.000000 97.409210 -0.000500
-8 7.000000 118.026909 -0.000500
-7 8.000000 91.937080 -0.000500
-6 8.000000 119.324158 -0.000500
-5 9.000000 82.527275 -0.000500
-4 9.000000 118.115768 -0.000000
-3 9.000000 70.036629 -0.000000
-2 9.000000 113.602371 -0.000500
-1 10.000000 53.764820 -0.000000
0 9.000000 105.941444 0.000500
1 9.000000 37.212914 -0.000000
2 9.000000 99.047150 -0.000000
3 9.000000 19.499943 0.000500
4 8.000000 89.666573 0.000500
5 8.000000 4.250570 0.000500
6 7.000000 80.622238 0.000500
7 7.000000 -9.689448 0.000500
8 6.000000 70.684822 0.000500
9 6.000000 -20.325705 0.000500
10 5.000000 61.805058 0.001000
11 4.000000 -25.919401 0.000500
12 4.000000 54.337360 0.000500
13 3.000000 -28.504869 0.000500
14 3.000000 45.477554 0.000500
15 2.000000 -28.490450 0.000500
16 2.000000 36.129597 0.000500
17 1.000000 -25.329906 0.000500
18 1.000000 28.317646 -0.000000
19 1.000000 -20.526926 -0.000000
20 1.000000 20.859854 0.000500
21 0.000000 -14.747129 0.000500
22 0.000000 14.832850 -0.000000
23 0.000000 -10.218900 -0.000000
24 0.000000 8.918447 -0.000000
25 0.000000 -6.693037 -0.000000
26 0.000000 5.213782 -0.000000
27 0.000000 -3.964064 -0.000000
28 0.000000 2.144438 -0.000000
29 0.000000 -1.337527 -0.000000
30 0.000000 -0.322218 -0.000000
31 0.000000 1.306847 -0.000000
32 0.000000 -1.225954 -0.000000
33 0.000000 1.737626 -0.000000
34 0.000000 -1.912436 -0.000000
35 0.000000 0.966040 -0.000000
36 0.000000 -1.492824 -0.000000
37 0.000000 0.523085 -0.000000
38 0.000000 -0.489586 -0.000000
39 0.000000 0.058095 -0.000000
40 0.000000 -0.417668 -0.000000
41 0.000000 0.482918 -0.000000
42 0.000000 0.295325 -0.000000
43 0.000000 0.167819 -0.000000
44 0.000000 0.458895 -0.000000
45 0.000000 -0.390373 -0.000000
46 0.000000 0.070917 -0.000000
47 0.000000 -0.776393 -0.000000
48 0.000000 0.163391 -0.000000
49 0.000000 0.000000 -0.000000
