-49 0.000000 -1577.156128 -0.000000
-48 0.000000 -2293.408203 -0.000000
-47 0.000000 -1486.450806 -0.000000
-46 0.000000 -1859.326782 -0.000000
-45 0.000000 -911.808777 -0.000000
-44 0.000000 -860.050781 -0.000000
-43 0.000000 221.351410 -0.000000
-42 0.000000 724.166626 -0.000000
-41 0.000000 1919.239014 -0.000000
-40 0.000000 2868.430420 -0.000000
-39 0.000000 4151.615234 -0.000000
-38 0.000000 5484.972168 -0.000000
-37 0.000000 6827.583984 -0.000000
-36 0.000000 8398.400391 -0.000000
-35 0.000000 9755.191406 -0.000000
-34 0.000000 11389.155273 -0.000000
-33 0.000000 12689.979492 -0.000000
-32 0.000000 14232.566406 -0.000000
-31 0.000000 15409.294922 -0.000000
-30 0.000000 16714.228516 -0.000000
-29 0.000000 17717.804688 -0.000000
-28 0.000000 18644.050781 -0.000000
-27 0.000000 19428.953125 -0.000000
-26 0.000000 19870.902344 -0.000000
-25 0.000000 20407.880859 -0.000000
-24 0.000000 20316.781250 -0.000000
-23 0.000000 20622.492188 -0.000500
-22 1.000000 20000.597656 -0.000500
-21 1.000000 20130.787109 -0.000000
-20 1.000000 19028.095703 -0.000000
-19 1.000000 19024.966797 -0.000500
-18 2.000000 17552.992188 -0.000500
-17 2.000000 17405.214844 -0.000500
-16 3.000000 15718.165039 -0.000500
-15 3.000000 15407.314453 -0.000500
-14 4.000000 13671.408203 -0.000500
-13 4.000000 13212.446289 -0.000500
-12 5.000000 11568.022461 -0.001000
-11 6.000000 11001.567383 -0.000500
-10 6.000000 9561.166016 -0.000500
-9 7.000000 8906.423828 -0.000500
-8 7.000000 7764.353516 -0.000500
-7 8.000000 6982.166992 -0.000500
-6 8.000000 6232.478027 -0.000500
-5 9.000000 5227.616699 -0.000500
-4 9.000000 4997.438477 -0.000000
-3 9.000000 3642.550781 -0.000000
-2 9.000000 4073.738770 -0.000500
-1 10.000000 2225.941895 -0.000000
0 9.000000 3447.564453 0.000500
1 9.000000 954.609802 -0.000000
2 9.000000 3110.241455 -0.000000
3 9.000000 -212.292755 0.000500
4 8.000000 3062.627686 0.000500
5 8.000000 -1304.336792 0.000500
6 7.000000 3294.353760 0.000500
7 7.000000 -2329.889893 0.000500
8 6.000000 3758.528320 0.000500
9 6.000000 -3313.598877 0.000500
10 5.000000 4395.091309 0.001000
11 4.000000 -4307.206543 0.000500
12 4.000000 5141.890625 0.000500
13 3.000000 -5334.831543 0.000500
14 3.000000 5922.474609 0.000500
15 2.000000 -6356.620117 0.000500
16 2.000000 6670.434082 0.000500
17 1.000000 -7271.265625 0.000500
18 1.000000 7346.316406 -0.000000
19 1.000000 -7971.458496 -0.000000
20 1.000000 7910.099121 0.000500
21 0.000000 -8405.780273 0.000500
22 0.000000 8295.251953 -0.000000
23 0.000000 -8572.876953 -0.000000
24 0.000000 8414.442383 -0.000000
25 0.000000 -8456.671875 -0.000000
26 0.000000 8218.130859 -0.000000
27 0.000000 -8018.677734 -0.000000
28 0.000000 7706.877930 -0.000000
29 0.000000 -7254.790039 -0.000000
30 0.000000 6914.490234 -0.000000
31 0.000000 -6228.946777 -0.000000
32 0.000000 5897.096680 -0.000000
33 0.000000 -5039.453125 -0.000000
34 0.000000 4728.187988 -0.000000
35 0.000000 -3782.831787 -0.000000
36 0.000000 3491.326660 -0.000000
37 0.000000 -2564.959717 -0.000000
38 0.000000 2259.809570 -0.000000
39 0.000000 -1507.480835 -0.000000
40 0.000000 1099.096924 -0.000000
41 0.000000 -700.551392 -0.000000
42 0.000000 83.201874 -0.000000
43 0.000000 -176.429657 -0.000000
44 0.000000 -733.041992 -0.000000
45 0.000000 71.180557 -0.000000
46 0.000000 -1310.392456 -0.000000
47 0.000000 93.942604 -0.000000
48 0.000000 -1613.624756 -0.000000
49 0.000000 0.000000 -0.000000
